Altura da arvore 0: 10.
Numero de folhas da arvore 1: 1.
Pre-ordem:	1 3 5 7 9 11 13 15 17 19 
In-ordem:	1 3 5 7 9 11 13 15 17 19 
Pos-ordem:	19 17 15 13 11 9 7 5 3 1 
Altura da arvore 1: 10.
Numero de folhas da arvore 0: 1.
Pre-ordem:	2 4 6 8 10 12 14 16 18 20 
In-ordem:	2 4 6 8 10 12 14 16 18 20 
Pos-ordem:	20 18 16 14 12 10 8 6 4 2 
Pre-ordem:	19 17 15 13 11 9 7 5 3 1 2 4 6 8 10 12 14 16 18 20 
In-ordem:	1 2 3 4 5 6 7 8 9 10 11 12 13 14 15 16 17 18 19 20 
Pos-ordem:	2 1 4 3 6 5 8 7 10 9 12 11 14 13 16 15 18 17 20 19 
